0.4411045234057113
0.43793275011587146
0.44481529085046445
0.44176790082600237
0.44346780546642495
0.4457067042580538
0.4486504415624488
0.46952609975723303
0.47240764542662234
0.47684398192481875
0.47970479704982394
0.4822546540090677
0.485799577098748
0.48718852357248243
0.4877689788152371
0.48988349434241485
0.48940669182158064
0.49249554293481085
0.49485882499459777
0.4950039388052864
0.49670384344385554
0.4968489572545442
0.4982171731879103
0.5008914134134587
0.5007877606865956
0.5012852937536674
0.5028400845855636
0.5034620009130707
0.505928935694778
0.5039802645226731
0.5079812595888035
0.5072971516241284
0.5089763257192401
0.5088104813641673
0.5080019901322609
0.5089555951757827
0.5113188772346429
0.5120237157437021
0.512210290643159
0.5125834404420727
0.5125627098976886
0.5137650814719662
0.5133712011286683
0.5134126622174365
0.5139309258270389
0.5152162195788529
0.5149259919574755
